{"nbformat":4,"nbformat_minor":0,"metadata":{"colab":{"name":"FinNUM 3_資料分析.ipynb","provenance":[],"collapsed_sections":[]},"kernelspec":{"name":"python3","display_name":"Python 3"},"language_info":{"name":"python"}},"cells":[{"cell_type":"code","execution_count":null,"metadata":{"colab":{"base_uri":"https://localhost:8080/"},"id":"kpOom9tauZ8n","executionInfo":{"status":"ok","timestamp":1640168267650,"user_tz":-480,"elapsed":19669,"user":{"displayName":"vivian teng vivian","photoUrl":"https://lh3.googleusercontent.com/a-/AOh14Gg60IJfNXc6jatRL4iSi7wvPYHxEEfo4Z2Bh09I3NA=s64","userId":"08553140932024934221"}},"outputId":"228a5cd6-8828-4fc0-8f28-7e395905adbd"},"outputs":[{"output_type":"stream","name":"stdout","text":["Mounted at /content/drive\n"]}],"source":["from google.colab import drive\n","drive.mount('/content/drive')"]},{"cell_type":"code","source":["import pandas as pd\n","import json\n","from pandas import json_normalize\n","\n","df = pd.read_json('/content/drive/MyDrive/NTPUIM/NTCIR/FinNUM 3/Dataset/FinNum-3_train.json') #Results contain the required data\n","df"],"metadata":{"colab":{"base_uri":"https://localhost:8080/","height":423},"id":"4vLZK3gpugop","executionInfo":{"status":"ok","timestamp":1640168270490,"user_tz":-480,"elapsed":2846,"user":{"displayName":"vivian teng vivian","photoUrl":"https://lh3.googleusercontent.com/a-/AOh14Gg60IJfNXc6jatRL4iSi7wvPYHxEEfo4Z2Bh09I3NA=s64","userId":"08553140932024934221"}},"outputId":"ef9d0e97-ca59-4881-bd1b-bc513a61b400"},"execution_count":null,"outputs":[{"output_type":"execute_result","data":{"text/html":["\n","  <div id=\"df-43a4ae23-c790-4f14-8504-82971137cc47\">\n","    <div class=\"colab-df-container\">\n","      <div>\n","<style scoped>\n","    .dataframe tbody tr th:only-of-type {\n","        vertical-align: middle;\n","    }\n","\n","    .dataframe tbody tr th {\n","        vertical-align: top;\n","    }\n","\n","    .dataframe thead th {\n","        text-align: right;\n","    }\n","</style>\n","<table border=\"1\" class=\"dataframe\">\n","  <thead>\n","    <tr style=\"text-align: right;\">\n","      <th></th>\n","      <th>text</th>\n","      <th>target_numeral</th>\n","      <th>category</th>\n","      <th>offset</th>\n","      <th>claim</th>\n","    </tr>\n","  </thead>\n","  <tbody>\n","    <tr>\n","      <th>0</th>\n","      <td>巨大為全球最大自行車製造商，擁有捷安特、Liv、Momentum三個自有品牌，營收比重70%...</td>\n","      <td>30.0</td>\n","      <td>absolute</td>\n","      <td>52</td>\n","      <td>0</td>\n","    </tr>\n","    <tr>\n","      <th>1</th>\n","      <td>巨大為全球最大自行車製造商，擁有捷安特、Liv、Momentum三個自有品牌，營收比重70%...</td>\n","      <td>2000.0</td>\n","      <td>date</td>\n","      <td>118</td>\n","      <td>0</td>\n","    </tr>\n","    <tr>\n","      <th>2</th>\n","      <td>巨大3Q18營收162.50億元，YoY+8.89%，成長動能來自歐洲電動自行車持續熱銷，代...</td>\n","      <td>3.0</td>\n","      <td>date</td>\n","      <td>2</td>\n","      <td>0</td>\n","    </tr>\n","    <tr>\n","      <th>3</th>\n","      <td>巨大3Q18營收162.50億元，YoY+8.89%，成長動能來自歐洲電動自行車持續熱銷，代...</td>\n","      <td>18.0</td>\n","      <td>date</td>\n","      <td>4</td>\n","      <td>0</td>\n","    </tr>\n","    <tr>\n","      <th>4</th>\n","      <td>巨大3Q18營收162.50億元，YoY+8.89%，成長動能來自歐洲電動自行車持續熱銷，代...</td>\n","      <td>162.5</td>\n","      <td>money</td>\n","      <td>8</td>\n","      <td>0</td>\n","    </tr>\n","    <tr>\n","      <th>...</th>\n","      <td>...</td>\n","      <td>...</td>\n","      <td>...</td>\n","      <td>...</td>\n","      <td>...</td>\n","    </tr>\n","    <tr>\n","      <th>4214</th>\n","      <td>聚陽4Q18起，產能供不應求，挑單生產，ASP+3%YoY，營收達61億元(+16.5%Yo...</td>\n","      <td>2.0</td>\n","      <td>date</td>\n","      <td>233</td>\n","      <td>0</td>\n","    </tr>\n","    <tr>\n","      <th>4215</th>\n","      <td>聚陽4Q18起，產能供不應求，挑單生產，ASP+3%YoY，營收達61億元(+16.5%Yo...</td>\n","      <td>19.0</td>\n","      <td>date</td>\n","      <td>235</td>\n","      <td>0</td>\n","    </tr>\n","    <tr>\n","      <th>4216</th>\n","      <td>聚陽4Q18起，產能供不應求，挑單生產，ASP+3%YoY，營收達61億元(+16.5%Yo...</td>\n","      <td>2019.0</td>\n","      <td>date</td>\n","      <td>256</td>\n","      <td>0</td>\n","    </tr>\n","    <tr>\n","      <th>4217</th>\n","      <td>聚陽4Q18起，產能供不應求，挑單生產，ASP+3%YoY，營收達61億元(+16.5%Yo...</td>\n","      <td>270.0</td>\n","      <td>money</td>\n","      <td>264</td>\n","      <td>1</td>\n","    </tr>\n","    <tr>\n","      <th>4218</th>\n","      <td>聚陽4Q18起，產能供不應求，挑單生產，ASP+3%YoY，營收達61億元(+16.5%Yo...</td>\n","      <td>13.0</td>\n","      <td>relative</td>\n","      <td>271</td>\n","      <td>1</td>\n","    </tr>\n","  </tbody>\n","</table>\n","<p>4219 rows × 5 columns</p>\n","</div>\n","      <button class=\"colab-df-convert\" onclick=\"convertToInteractive('df-43a4ae23-c790-4f14-8504-82971137cc47')\"\n","              title=\"Convert this dataframe to an interactive table.\"\n","              style=\"display:none;\">\n","        \n","  <svg xmlns=\"http://www.w3.org/2000/svg\" height=\"24px\"viewBox=\"0 0 24 24\"\n","       width=\"24px\">\n","    <path d=\"M0 0h24v24H0V0z\" fill=\"none\"/>\n","    <path d=\"M18.56 5.44l.94 2.06.94-2.06 2.06-.94-2.06-.94-.94-2.06-.94 2.06-2.06.94zm-11 1L8.5 8.5l.94-2.06 2.06-.94-2.06-.94L8.5 2.5l-.94 2.06-2.06.94zm10 10l.94 2.06.94-2.06 2.06-.94-2.06-.94-.94-2.06-.94 2.06-2.06.94z\"/><path d=\"M17.41 7.96l-1.37-1.37c-.4-.4-.92-.59-1.43-.59-.52 0-1.04.2-1.43.59L10.3 9.45l-7.72 7.72c-.78.78-.78 2.05 0 2.83L4 21.41c.39.39.9.59 1.41.59.51 0 1.02-.2 1.41-.59l7.78-7.78 2.81-2.81c.8-.78.8-2.07 0-2.86zM5.41 20L4 18.59l7.72-7.72 1.47 1.35L5.41 20z\"/>\n","  </svg>\n","      </button>\n","      \n","  <style>\n","    .colab-df-container {\n","      display:flex;\n","      flex-wrap:wrap;\n","      gap: 12px;\n","    }\n","\n","    .colab-df-convert {\n","      background-color: #E8F0FE;\n","      border: none;\n","      border-radius: 50%;\n","      cursor: pointer;\n","      display: none;\n","      fill: #1967D2;\n","      height: 32px;\n","      padding: 0 0 0 0;\n","      width: 32px;\n","    }\n","\n","    .colab-df-convert:hover {\n","      background-color: #E2EBFA;\n","      box-shadow: 0px 1px 2px rgba(60, 64, 67, 0.3), 0px 1px 3px 1px rgba(60, 64, 67, 0.15);\n","      fill: #174EA6;\n","    }\n","\n","    [theme=dark] .colab-df-convert {\n","      background-color: #3B4455;\n","      fill: #D2E3FC;\n","    }\n","\n","    [theme=dark] .colab-df-convert:hover {\n","      background-color: #434B5C;\n","      box-shadow: 0px 1px 3px 1px rgba(0, 0, 0, 0.15);\n","      filter: drop-shadow(0px 1px 2px rgba(0, 0, 0, 0.3));\n","      fill: #FFFFFF;\n","    }\n","  </style>\n","\n","      <script>\n","        const buttonEl =\n","          document.querySelector('#df-43a4ae23-c790-4f14-8504-82971137cc47 button.colab-df-convert');\n","        buttonEl.style.display =\n","          google.colab.kernel.accessAllowed ? 'block' : 'none';\n","\n","        async function convertToInteractive(key) {\n","          const element = document.querySelector('#df-43a4ae23-c790-4f14-8504-82971137cc47');\n","          const dataTable =\n","            await google.colab.kernel.invokeFunction('convertToInteractive',\n","                                                     [key], {});\n","          if (!dataTable) return;\n","\n","          const docLinkHtml = 'Like what you see? Visit the ' +\n","            '<a target=\"_blank\" href=https://colab.research.google.com/notebooks/data_table.ipynb>data table notebook</a>'\n","            + ' to learn more about interactive tables.';\n","          element.innerHTML = '';\n","          dataTable['output_type'] = 'display_data';\n","          await google.colab.output.renderOutput(dataTable, element);\n","          const docLink = document.createElement('div');\n","          docLink.innerHTML = docLinkHtml;\n","          element.appendChild(docLink);\n","        }\n","      </script>\n","    </div>\n","  </div>\n","  "],"text/plain":["                                                   text  ...  claim\n","0     巨大為全球最大自行車製造商，擁有捷安特、Liv、Momentum三個自有品牌，營收比重70%...  ...      0\n","1     巨大為全球最大自行車製造商，擁有捷安特、Liv、Momentum三個自有品牌，營收比重70%...  ...      0\n","2     巨大3Q18營收162.50億元，YoY+8.89%，成長動能來自歐洲電動自行車持續熱銷，代...  ...      0\n","3     巨大3Q18營收162.50億元，YoY+8.89%，成長動能來自歐洲電動自行車持續熱銷，代...  ...      0\n","4     巨大3Q18營收162.50億元，YoY+8.89%，成長動能來自歐洲電動自行車持續熱銷，代...  ...      0\n","...                                                 ...  ...    ...\n","4214  聚陽4Q18起，產能供不應求，挑單生產，ASP+3%YoY，營收達61億元(+16.5%Yo...  ...      0\n","4215  聚陽4Q18起，產能供不應求，挑單生產，ASP+3%YoY，營收達61億元(+16.5%Yo...  ...      0\n","4216  聚陽4Q18起，產能供不應求，挑單生產，ASP+3%YoY，營收達61億元(+16.5%Yo...  ...      0\n","4217  聚陽4Q18起，產能供不應求，挑單生產，ASP+3%YoY，營收達61億元(+16.5%Yo...  ...      1\n","4218  聚陽4Q18起，產能供不應求，挑單生產，ASP+3%YoY，營收達61億元(+16.5%Yo...  ...      1\n","\n","[4219 rows x 5 columns]"]},"metadata":{},"execution_count":2}]},{"cell_type":"code","source":["df_dummies = pd.get_dummies(df['category'])\n","# df_dummies.concats(df, axis = 1)\n","#df_dummies\n","df_dummies['claim'] = df['claim']\n","df_dummies.corr()"],"metadata":{"colab":{"base_uri":"https://localhost:8080/","height":507},"id":"eNoDwsJYXdMi","executionInfo":{"status":"ok","timestamp":1640168650802,"user_tz":-480,"elapsed":344,"user":{"displayName":"vivian teng vivian","photoUrl":"https://lh3.googleusercontent.com/a-/AOh14Gg60IJfNXc6jatRL4iSi7wvPYHxEEfo4Z2Bh09I3NA=s64","userId":"08553140932024934221"}},"outputId":"a990a169-a462-4909-c226-c75035390a46"},"execution_count":null,"outputs":[{"output_type":"execute_result","data":{"text/html":["\n","  <div id=\"df-ac7fe260-02c3-4124-be16-39786b3d1022\">\n","    <div class=\"colab-df-container\">\n","      <div>\n","<style scoped>\n","    .dataframe tbody tr th:only-of-type {\n","        vertical-align: middle;\n","    }\n","\n","    .dataframe tbody tr th {\n","        vertical-align: top;\n","    }\n","\n","    .dataframe thead th {\n","        text-align: right;\n","    }\n","</style>\n","<table border=\"1\" class=\"dataframe\">\n","  <thead>\n","    <tr style=\"text-align: right;\">\n","      <th></th>\n","      <th>None</th>\n","      <th>Product Number</th>\n","      <th>Quantity_absolute</th>\n","      <th>Quantity_relative</th>\n","      <th>absolute</th>\n","      <th>change</th>\n","      <th>date</th>\n","      <th>money</th>\n","      <th>price</th>\n","      <th>relative</th>\n","      <th>time</th>\n","      <th>claim</th>\n","    </tr>\n","  </thead>\n","  <tbody>\n","    <tr>\n","      <th>None</th>\n","      <td>1.000000</td>\n","      <td>-0.021773</td>\n","      <td>-0.032530</td>\n","      <td>-0.004283</td>\n","      <td>-0.054669</td>\n","      <td>-0.005247</td>\n","      <td>-0.118480</td>\n","      <td>-0.064066</td>\n","      <td>-0.017526</td>\n","      <td>-0.059923</td>\n","      <td>-0.003709</td>\n","      <td>-0.077438</td>\n","    </tr>\n","    <tr>\n","      <th>Product Number</th>\n","      <td>-0.021773</td>\n","      <td>1.000000</td>\n","      <td>-0.036645</td>\n","      <td>-0.004824</td>\n","      <td>-0.061583</td>\n","      <td>-0.005910</td>\n","      <td>-0.133465</td>\n","      <td>-0.072169</td>\n","      <td>-0.019743</td>\n","      <td>-0.067502</td>\n","      <td>-0.004178</td>\n","      <td>-0.083584</td>\n","    </tr>\n","    <tr>\n","      <th>Quantity_absolute</th>\n","      <td>-0.032530</td>\n","      <td>-0.036645</td>\n","      <td>1.000000</td>\n","      <td>-0.007208</td>\n","      <td>-0.092009</td>\n","      <td>-0.008830</td>\n","      <td>-0.199407</td>\n","      <td>-0.107826</td>\n","      <td>-0.029497</td>\n","      <td>-0.100853</td>\n","      <td>-0.006242</td>\n","      <td>-0.039851</td>\n","    </tr>\n","    <tr>\n","      <th>Quantity_relative</th>\n","      <td>-0.004283</td>\n","      <td>-0.004824</td>\n","      <td>-0.007208</td>\n","      <td>1.000000</td>\n","      <td>-0.012114</td>\n","      <td>-0.001163</td>\n","      <td>-0.026253</td>\n","      <td>-0.014196</td>\n","      <td>-0.003883</td>\n","      <td>-0.013278</td>\n","      <td>-0.000822</td>\n","      <td>-0.017159</td>\n","    </tr>\n","    <tr>\n","      <th>absolute</th>\n","      <td>-0.054669</td>\n","      <td>-0.061583</td>\n","      <td>-0.092009</td>\n","      <td>-0.012114</td>\n","      <td>1.000000</td>\n","      <td>-0.014840</td>\n","      <td>-0.335111</td>\n","      <td>-0.181206</td>\n","      <td>-0.049571</td>\n","      <td>-0.169488</td>\n","      <td>-0.010489</td>\n","      <td>0.060928</td>\n","    </tr>\n","    <tr>\n","      <th>change</th>\n","      <td>-0.005247</td>\n","      <td>-0.005910</td>\n","      <td>-0.008830</td>\n","      <td>-0.001163</td>\n","      <td>-0.014840</td>\n","      <td>1.000000</td>\n","      <td>-0.032161</td>\n","      <td>-0.017391</td>\n","      <td>-0.004757</td>\n","      <td>-0.016266</td>\n","      <td>-0.001007</td>\n","      <td>0.023366</td>\n","    </tr>\n","    <tr>\n","      <th>date</th>\n","      <td>-0.118480</td>\n","      <td>-0.133465</td>\n","      <td>-0.199407</td>\n","      <td>-0.026253</td>\n","      <td>-0.335111</td>\n","      <td>-0.032161</td>\n","      <td>1.000000</td>\n","      <td>-0.392718</td>\n","      <td>-0.107433</td>\n","      <td>-0.367321</td>\n","      <td>-0.022733</td>\n","      <td>-0.474683</td>\n","    </tr>\n","    <tr>\n","      <th>money</th>\n","      <td>-0.064066</td>\n","      <td>-0.072169</td>\n","      <td>-0.107826</td>\n","      <td>-0.014196</td>\n","      <td>-0.181206</td>\n","      <td>-0.017391</td>\n","      <td>-0.392718</td>\n","      <td>1.000000</td>\n","      <td>-0.058093</td>\n","      <td>-0.198623</td>\n","      <td>-0.012293</td>\n","      <td>0.371136</td>\n","    </tr>\n","    <tr>\n","      <th>price</th>\n","      <td>-0.017526</td>\n","      <td>-0.019743</td>\n","      <td>-0.029497</td>\n","      <td>-0.003883</td>\n","      <td>-0.049571</td>\n","      <td>-0.004757</td>\n","      <td>-0.107433</td>\n","      <td>-0.058093</td>\n","      <td>1.000000</td>\n","      <td>-0.054336</td>\n","      <td>-0.003363</td>\n","      <td>0.082548</td>\n","    </tr>\n","    <tr>\n","      <th>relative</th>\n","      <td>-0.059923</td>\n","      <td>-0.067502</td>\n","      <td>-0.100853</td>\n","      <td>-0.013278</td>\n","      <td>-0.169488</td>\n","      <td>-0.016266</td>\n","      <td>-0.367321</td>\n","      <td>-0.198623</td>\n","      <td>-0.054336</td>\n","      <td>1.000000</td>\n","      <td>-0.011498</td>\n","      <td>0.259971</td>\n","    </tr>\n","    <tr>\n","      <th>time</th>\n","      <td>-0.003709</td>\n","      <td>-0.004178</td>\n","      <td>-0.006242</td>\n","      <td>-0.000822</td>\n","      <td>-0.010489</td>\n","      <td>-0.001007</td>\n","      <td>-0.022733</td>\n","      <td>-0.012293</td>\n","      <td>-0.003363</td>\n","      <td>-0.011498</td>\n","      <td>1.000000</td>\n","      <td>-0.014858</td>\n","    </tr>\n","    <tr>\n","      <th>claim</th>\n","      <td>-0.077438</td>\n","      <td>-0.083584</td>\n","      <td>-0.039851</td>\n","      <td>-0.017159</td>\n","      <td>0.060928</td>\n","      <td>0.023366</td>\n","      <td>-0.474683</td>\n","      <td>0.371136</td>\n","      <td>0.082548</td>\n","      <td>0.259971</td>\n","      <td>-0.014858</td>\n","      <td>1.000000</td>\n","    </tr>\n","  </tbody>\n","</table>\n","</div>\n","      <button class=\"colab-df-convert\" onclick=\"convertToInteractive('df-ac7fe260-02c3-4124-be16-39786b3d1022')\"\n","              title=\"Convert this dataframe to an interactive table.\"\n","              style=\"display:none;\">\n","        \n","  <svg xmlns=\"http://www.w3.org/2000/svg\" height=\"24px\"viewBox=\"0 0 24 24\"\n","       width=\"24px\">\n","    <path d=\"M0 0h24v24H0V0z\" fill=\"none\"/>\n","    <path d=\"M18.56 5.44l.94 2.06.94-2.06 2.06-.94-2.06-.94-.94-2.06-.94 2.06-2.06.94zm-11 1L8.5 8.5l.94-2.06 2.06-.94-2.06-.94L8.5 2.5l-.94 2.06-2.06.94zm10 10l.94 2.06.94-2.06 2.06-.94-2.06-.94-.94-2.06-.94 2.06-2.06.94z\"/><path d=\"M17.41 7.96l-1.37-1.37c-.4-.4-.92-.59-1.43-.59-.52 0-1.04.2-1.43.59L10.3 9.45l-7.72 7.72c-.78.78-.78 2.05 0 2.83L4 21.41c.39.39.9.59 1.41.59.51 0 1.02-.2 1.41-.59l7.78-7.78 2.81-2.81c.8-.78.8-2.07 0-2.86zM5.41 20L4 18.59l7.72-7.72 1.47 1.35L5.41 20z\"/>\n","  </svg>\n","      </button>\n","      \n","  <style>\n","    .colab-df-container {\n","      display:flex;\n","      flex-wrap:wrap;\n","      gap: 12px;\n","    }\n","\n","    .colab-df-convert {\n","      background-color: #E8F0FE;\n","      border: none;\n","      border-radius: 50%;\n","      cursor: pointer;\n","      display: none;\n","      fill: #1967D2;\n","      height: 32px;\n","      padding: 0 0 0 0;\n","      width: 32px;\n","    }\n","\n","    .colab-df-convert:hover {\n","      background-color: #E2EBFA;\n","      box-shadow: 0px 1px 2px rgba(60, 64, 67, 0.3), 0px 1px 3px 1px rgba(60, 64, 67, 0.15);\n","      fill: #174EA6;\n","    }\n","\n","    [theme=dark] .colab-df-convert {\n","      background-color: #3B4455;\n","      fill: #D2E3FC;\n","    }\n","\n","    [theme=dark] .colab-df-convert:hover {\n","      background-color: #434B5C;\n","      box-shadow: 0px 1px 3px 1px rgba(0, 0, 0, 0.15);\n","      filter: drop-shadow(0px 1px 2px rgba(0, 0, 0, 0.3));\n","      fill: #FFFFFF;\n","    }\n","  </style>\n","\n","      <script>\n","        const buttonEl =\n","          document.querySelector('#df-ac7fe260-02c3-4124-be16-39786b3d1022 button.colab-df-convert');\n","        buttonEl.style.display =\n","          google.colab.kernel.accessAllowed ? 'block' : 'none';\n","\n","        async function convertToInteractive(key) {\n","          const element = document.querySelector('#df-ac7fe260-02c3-4124-be16-39786b3d1022');\n","          const dataTable =\n","            await google.colab.kernel.invokeFunction('convertToInteractive',\n","                                                     [key], {});\n","          if (!dataTable) return;\n","\n","          const docLinkHtml = 'Like what you see? Visit the ' +\n","            '<a target=\"_blank\" href=https://colab.research.google.com/notebooks/data_table.ipynb>data table notebook</a>'\n","            + ' to learn more about interactive tables.';\n","          element.innerHTML = '';\n","          dataTable['output_type'] = 'display_data';\n","          await google.colab.output.renderOutput(dataTable, element);\n","          const docLink = document.createElement('div');\n","          docLink.innerHTML = docLinkHtml;\n","          element.appendChild(docLink);\n","        }\n","      </script>\n","    </div>\n","  </div>\n","  "],"text/plain":["                       None  Product Number  ...      time     claim\n","None               1.000000       -0.021773  ... -0.003709 -0.077438\n","Product Number    -0.021773        1.000000  ... -0.004178 -0.083584\n","Quantity_absolute -0.032530       -0.036645  ... -0.006242 -0.039851\n","Quantity_relative -0.004283       -0.004824  ... -0.000822 -0.017159\n","absolute          -0.054669       -0.061583  ... -0.010489  0.060928\n","change            -0.005247       -0.005910  ... -0.001007  0.023366\n","date              -0.118480       -0.133465  ... -0.022733 -0.474683\n","money             -0.064066       -0.072169  ... -0.012293  0.371136\n","price             -0.017526       -0.019743  ... -0.003363  0.082548\n","relative          -0.059923       -0.067502  ... -0.011498  0.259971\n","time              -0.003709       -0.004178  ...  1.000000 -0.014858\n","claim             -0.077438       -0.083584  ... -0.014858  1.000000\n","\n","[12 rows x 12 columns]"]},"metadata":{},"execution_count":5}]},{"cell_type":"code","source":["from scipy.stats import spearmanr\n","\n","correlation, p = spearmanr(df_dummies)\n","print('correlation',correlation)\n","print('p-value',p)\n","df_p_value = pd.DataFrame(p, columns = ['None',\t'Product Number',\t'Quantity_absolute',\t'Quantity_relative',\t'absolute',' change',\t'date',\t'money',\t'price',\t'relative',\t'time','claim'], index =  ['None',\t'Product Number',\t'Quantity_absolute',\t'Quantity_relative',\t'absolute',' change',\t'date',\t'money',\t'price',\t'relative',\t'time','claim'])\n","print(df_p_value)"],"metadata":{"colab":{"base_uri":"https://localhost:8080/"},"id":"CmuzV83rHf_R","executionInfo":{"status":"ok","timestamp":1640168688056,"user_tz":-480,"elapsed":299,"user":{"displayName":"vivian teng vivian","photoUrl":"https://lh3.googleusercontent.com/a-/AOh14Gg60IJfNXc6jatRL4iSi7wvPYHxEEfo4Z2Bh09I3NA=s64","userId":"08553140932024934221"}},"outputId":"05e43eda-d895-4033-e299-482d3bdafb05"},"execution_count":null,"outputs":[{"output_type":"stream","name":"stdout","text":["correlation [[ 1.00000000e+00 -2.17728257e-02 -3.25303954e-02 -4.28280683e-03\n","  -5.46685094e-02 -5.24659059e-03 -1.18480222e-01 -6.40663346e-02\n","  -1.75262210e-02 -5.99232056e-02 -3.70857961e-03 -7.74376364e-02]\n"," [-2.17728257e-02  1.00000000e+00 -3.66445656e-02 -4.82446013e-03\n","  -6.15825216e-02 -5.91013514e-03 -1.33464601e-01 -7.21689045e-02\n","  -1.97427896e-02 -6.75017875e-02 -4.17760950e-03 -8.35837985e-02]\n"," [-3.25303954e-02 -3.66445656e-02  1.00000000e+00 -7.20814091e-03\n","  -9.20093609e-02 -8.83022881e-03 -1.99407110e-01 -1.07826289e-01\n","  -2.94973543e-02 -1.00853232e-01 -6.24169277e-03 -3.98514299e-02]\n"," [-4.28280683e-03 -4.82446013e-03 -7.20814091e-03  1.00000000e+00\n","  -1.21135423e-02 -1.16254856e-03 -2.62530511e-02 -1.41959285e-02\n","  -3.88349015e-03 -1.32778869e-02 -8.21753443e-04 -1.71587645e-02]\n"," [-5.46685094e-02 -6.15825216e-02 -9.20093609e-02 -1.21135423e-02\n","   1.00000000e+00 -1.48395198e-02 -3.35110882e-01 -1.81205990e-01\n","  -4.95713738e-02 -1.69487514e-01 -1.04893911e-02  6.09283198e-02]\n"," [-5.24659059e-03 -5.91013514e-03 -8.83022881e-03 -1.16254856e-03\n","  -1.48395198e-02  1.00000000e+00 -3.21609207e-02 -1.73905170e-02\n","  -4.75741347e-03 -1.62658834e-02 -1.00667718e-03  2.33661833e-02]\n"," [-1.18480222e-01 -1.33464601e-01 -1.99407110e-01 -2.62530511e-02\n","  -3.35110882e-01 -3.21609207e-02  1.00000000e+00 -3.92718333e-01\n","  -1.07433464e-01 -3.67321489e-01 -2.27331127e-02 -4.74682681e-01]\n"," [-6.40663346e-02 -7.21689045e-02 -1.07826289e-01 -1.41959285e-02\n","  -1.81205990e-01 -1.73905170e-02 -3.92718333e-01  1.00000000e+00\n","  -5.80929726e-02 -1.98623374e-01 -1.22925766e-02  3.71136411e-01]\n"," [-1.75262210e-02 -1.97427896e-02 -2.94973543e-02 -3.88349015e-03\n","  -4.95713738e-02 -4.75741347e-03 -1.07433464e-01 -5.80929726e-02\n","   1.00000000e+00 -5.43361371e-02 -3.36280224e-03  8.25477670e-02]\n"," [-5.99232056e-02 -6.75017875e-02 -1.00853232e-01 -1.32778869e-02\n","  -1.69487514e-01 -1.62658834e-02 -3.67321489e-01 -1.98623374e-01\n","  -5.43361371e-02  1.00000000e+00 -1.14976235e-02  2.59971097e-01]\n"," [-3.70857961e-03 -4.17760950e-03 -6.24169277e-03 -8.21753443e-04\n","  -1.04893911e-02 -1.00667718e-03 -2.27331127e-02 -1.22925766e-02\n","  -3.36280224e-03 -1.14976235e-02  1.00000000e+00 -1.48581636e-02]\n"," [-7.74376364e-02 -8.35837985e-02 -3.98514299e-02 -1.71587645e-02\n","   6.09283198e-02  2.33661833e-02 -4.74682681e-01  3.71136411e-01\n","   8.25477670e-02  2.59971097e-01 -1.48581636e-02  1.00000000e+00]]\n","p-value [[0.00000000e+000 1.57368669e-001 3.46087443e-002 7.80932871e-001\n","  3.81540387e-004 7.33338839e-001 1.15718964e-014 3.12173639e-005\n","  2.55059834e-001 9.83656750e-005 8.09697808e-001 4.75500517e-007]\n"," [1.57368669e-001 0.00000000e+000 1.72985962e-002 7.54070885e-001\n","  6.26410275e-005 7.01144841e-001 3.16346810e-018 2.70048880e-006\n","  1.99802393e-001 1.14289567e-005 7.86181445e-001 5.41867383e-008]\n"," [3.46087443e-002 1.72985962e-002 0.00000000e+000 6.39739036e-001\n","  2.13362449e-009 5.66374973e-001 4.28515925e-039 2.18501891e-012\n","  5.53886175e-002 5.18209892e-011 6.85252844e-001 9.63209992e-003]\n"," [7.80932871e-001 7.54070885e-001 6.39739036e-001 0.00000000e+000\n","  4.31506298e-001 9.39825147e-001 8.81898051e-002 3.56605184e-001\n","  8.00906757e-001 3.88559837e-001 9.57444895e-001 2.65159410e-001]\n"," [3.81540387e-004 6.26410275e-005 2.13362449e-009 4.31506298e-001\n","  0.00000000e+000 3.35220887e-001 3.04409153e-111 1.80150894e-032\n","  1.27799158e-003 1.46876657e-028 4.95781029e-001 7.49390139e-005]\n"," [7.33338839e-001 7.01144841e-001 5.66374973e-001 9.39825147e-001\n","  3.35220887e-001 0.00000000e+000 3.67170599e-002 2.58758077e-001\n","  7.57380552e-001 2.90836555e-001 9.47880859e-001 1.29145407e-001]\n"," [1.15718964e-014 3.16346810e-018 4.28515925e-039 8.81898051e-002\n","  3.04409153e-111 3.67170599e-002 0.00000000e+000 1.28438670e-155\n","  2.62615589e-012 6.33117222e-135 1.39848359e-001 4.19572311e-236]\n"," [3.12173639e-005 2.70048880e-006 2.18501891e-012 3.56605184e-001\n","  1.80150894e-032 2.58758077e-001 1.28438670e-155 0.00000000e+000\n","  1.59730942e-004 8.53285759e-039 4.24729205e-001 6.45789465e-138]\n"," [2.55059834e-001 1.99802393e-001 5.53886175e-002 8.00906757e-001\n","  1.27799158e-003 7.57380552e-001 2.62615589e-012 1.59730942e-004\n","  0.00000000e+000 4.14143812e-004 8.27146465e-001 7.90121107e-008]\n"," [9.83656750e-005 1.14289567e-005 5.18209892e-011 3.88559837e-001\n","  1.46876657e-028 2.90836555e-001 6.33117222e-135 8.53285759e-039\n","  4.14143812e-004 0.00000000e+000 4.55294143e-001 3.92838384e-066]\n"," [8.09697808e-001 7.86181445e-001 6.85252844e-001 9.57444895e-001\n","  4.95781029e-001 9.47880859e-001 1.39848359e-001 4.24729205e-001\n","  8.27146465e-001 4.55294143e-001 0.00000000e+000 3.34613984e-001]\n"," [4.75500517e-007 5.41867383e-008 9.63209992e-003 2.65159410e-001\n","  7.49390139e-005 1.29145407e-001 4.19572311e-236 6.45789465e-138\n","  7.90121107e-008 3.92838384e-066 3.34613984e-001 0.00000000e+000]]\n","                           None  Product Number  ...      time          claim\n","None               0.000000e+00    1.573687e-01  ...  0.809698   4.755005e-07\n","Product Number     1.573687e-01    0.000000e+00  ...  0.786181   5.418674e-08\n","Quantity_absolute  3.460874e-02    1.729860e-02  ...  0.685253   9.632100e-03\n","Quantity_relative  7.809329e-01    7.540709e-01  ...  0.957445   2.651594e-01\n","absolute           3.815404e-04    6.264103e-05  ...  0.495781   7.493901e-05\n"," change            7.333388e-01    7.011448e-01  ...  0.947881   1.291454e-01\n","date               1.157190e-14    3.163468e-18  ...  0.139848  4.195723e-236\n","money              3.121736e-05    2.700489e-06  ...  0.424729  6.457895e-138\n","price              2.550598e-01    1.998024e-01  ...  0.827146   7.901211e-08\n","relative           9.836567e-05    1.142896e-05  ...  0.455294   3.928384e-66\n","time               8.096978e-01    7.861814e-01  ...  0.000000   3.346140e-01\n","claim              4.755005e-07    5.418674e-08  ...  0.334614   0.000000e+00\n","\n","[12 rows x 12 columns]\n"]}]},{"cell_type":"code","source":["df_corr = pd.DataFrame(correlation, columns = ['None',\t'Product Number',\t'Quantity_absolute',\t'Quantity_relative',\t'absolute',' change',\t'date',\t'money',\t'price',\t'relative',\t'time','claim'], index =  ['None',\t'Product Number',\t'Quantity_absolute',\t'Quantity_relative',\t'absolute',' change',\t'date',\t'money',\t'price',\t'relative',\t'time','claim'])\n","df_corr"],"metadata":{"colab":{"base_uri":"https://localhost:8080/","height":507},"id":"sNX26hSAgiGv","executionInfo":{"status":"ok","timestamp":1640168787363,"user_tz":-480,"elapsed":315,"user":{"displayName":"vivian teng vivian","photoUrl":"https://lh3.googleusercontent.com/a-/AOh14Gg60IJfNXc6jatRL4iSi7wvPYHxEEfo4Z2Bh09I3NA=s64","userId":"08553140932024934221"}},"outputId":"dca9e063-4265-42d5-e737-08f01f534725"},"execution_count":null,"outputs":[{"output_type":"execute_result","data":{"text/html":["\n","  <div id=\"df-d8346228-c32e-4050-97db-a44f78ab15d5\">\n","    <div class=\"colab-df-container\">\n","      <div>\n","<style scoped>\n","    .dataframe tbody tr th:only-of-type {\n","        vertical-align: middle;\n","    }\n","\n","    .dataframe tbody tr th {\n","        vertical-align: top;\n","    }\n","\n","    .dataframe thead th {\n","        text-align: right;\n","    }\n","</style>\n","<table border=\"1\" class=\"dataframe\">\n","  <thead>\n","    <tr style=\"text-align: right;\">\n","      <th></th>\n","      <th>None</th>\n","      <th>Product Number</th>\n","      <th>Quantity_absolute</th>\n","      <th>Quantity_relative</th>\n","      <th>absolute</th>\n","      <th>change</th>\n","      <th>date</th>\n","      <th>money</th>\n","      <th>price</th>\n","      <th>relative</th>\n","      <th>time</th>\n","      <th>claim</th>\n","    </tr>\n","  </thead>\n","  <tbody>\n","    <tr>\n","      <th>None</th>\n","      <td>1.000000</td>\n","      <td>-0.021773</td>\n","      <td>-0.032530</td>\n","      <td>-0.004283</td>\n","      <td>-0.054669</td>\n","      <td>-0.005247</td>\n","      <td>-0.118480</td>\n","      <td>-0.064066</td>\n","      <td>-0.017526</td>\n","      <td>-0.059923</td>\n","      <td>-0.003709</td>\n","      <td>-0.077438</td>\n","    </tr>\n","    <tr>\n","      <th>Product Number</th>\n","      <td>-0.021773</td>\n","      <td>1.000000</td>\n","      <td>-0.036645</td>\n","      <td>-0.004824</td>\n","      <td>-0.061583</td>\n","      <td>-0.005910</td>\n","      <td>-0.133465</td>\n","      <td>-0.072169</td>\n","      <td>-0.019743</td>\n","      <td>-0.067502</td>\n","      <td>-0.004178</td>\n","      <td>-0.083584</td>\n","    </tr>\n","    <tr>\n","      <th>Quantity_absolute</th>\n","      <td>-0.032530</td>\n","      <td>-0.036645</td>\n","      <td>1.000000</td>\n","      <td>-0.007208</td>\n","      <td>-0.092009</td>\n","      <td>-0.008830</td>\n","      <td>-0.199407</td>\n","      <td>-0.107826</td>\n","      <td>-0.029497</td>\n","      <td>-0.100853</td>\n","      <td>-0.006242</td>\n","      <td>-0.039851</td>\n","    </tr>\n","    <tr>\n","      <th>Quantity_relative</th>\n","      <td>-0.004283</td>\n","      <td>-0.004824</td>\n","      <td>-0.007208</td>\n","      <td>1.000000</td>\n","      <td>-0.012114</td>\n","      <td>-0.001163</td>\n","      <td>-0.026253</td>\n","      <td>-0.014196</td>\n","      <td>-0.003883</td>\n","      <td>-0.013278</td>\n","      <td>-0.000822</td>\n","      <td>-0.017159</td>\n","    </tr>\n","    <tr>\n","      <th>absolute</th>\n","      <td>-0.054669</td>\n","      <td>-0.061583</td>\n","      <td>-0.092009</td>\n","      <td>-0.012114</td>\n","      <td>1.000000</td>\n","      <td>-0.014840</td>\n","      <td>-0.335111</td>\n","      <td>-0.181206</td>\n","      <td>-0.049571</td>\n","      <td>-0.169488</td>\n","      <td>-0.010489</td>\n","      <td>0.060928</td>\n","    </tr>\n","    <tr>\n","      <th>change</th>\n","      <td>-0.005247</td>\n","      <td>-0.005910</td>\n","      <td>-0.008830</td>\n","      <td>-0.001163</td>\n","      <td>-0.014840</td>\n","      <td>1.000000</td>\n","      <td>-0.032161</td>\n","      <td>-0.017391</td>\n","      <td>-0.004757</td>\n","      <td>-0.016266</td>\n","      <td>-0.001007</td>\n","      <td>0.023366</td>\n","    </tr>\n","    <tr>\n","      <th>date</th>\n","      <td>-0.118480</td>\n","      <td>-0.133465</td>\n","      <td>-0.199407</td>\n","      <td>-0.026253</td>\n","      <td>-0.335111</td>\n","      <td>-0.032161</td>\n","      <td>1.000000</td>\n","      <td>-0.392718</td>\n","      <td>-0.107433</td>\n","      <td>-0.367321</td>\n","      <td>-0.022733</td>\n","      <td>-0.474683</td>\n","    </tr>\n","    <tr>\n","      <th>money</th>\n","      <td>-0.064066</td>\n","      <td>-0.072169</td>\n","      <td>-0.107826</td>\n","      <td>-0.014196</td>\n","      <td>-0.181206</td>\n","      <td>-0.017391</td>\n","      <td>-0.392718</td>\n","      <td>1.000000</td>\n","      <td>-0.058093</td>\n","      <td>-0.198623</td>\n","      <td>-0.012293</td>\n","      <td>0.371136</td>\n","    </tr>\n","    <tr>\n","      <th>price</th>\n","      <td>-0.017526</td>\n","      <td>-0.019743</td>\n","      <td>-0.029497</td>\n","      <td>-0.003883</td>\n","      <td>-0.049571</td>\n","      <td>-0.004757</td>\n","      <td>-0.107433</td>\n","      <td>-0.058093</td>\n","      <td>1.000000</td>\n","      <td>-0.054336</td>\n","      <td>-0.003363</td>\n","      <td>0.082548</td>\n","    </tr>\n","    <tr>\n","      <th>relative</th>\n","      <td>-0.059923</td>\n","      <td>-0.067502</td>\n","      <td>-0.100853</td>\n","      <td>-0.013278</td>\n","      <td>-0.169488</td>\n","      <td>-0.016266</td>\n","      <td>-0.367321</td>\n","      <td>-0.198623</td>\n","      <td>-0.054336</td>\n","      <td>1.000000</td>\n","      <td>-0.011498</td>\n","      <td>0.259971</td>\n","    </tr>\n","    <tr>\n","      <th>time</th>\n","      <td>-0.003709</td>\n","      <td>-0.004178</td>\n","      <td>-0.006242</td>\n","      <td>-0.000822</td>\n","      <td>-0.010489</td>\n","      <td>-0.001007</td>\n","      <td>-0.022733</td>\n","      <td>-0.012293</td>\n","      <td>-0.003363</td>\n","      <td>-0.011498</td>\n","      <td>1.000000</td>\n","      <td>-0.014858</td>\n","    </tr>\n","    <tr>\n","      <th>claim</th>\n","      <td>-0.077438</td>\n","      <td>-0.083584</td>\n","      <td>-0.039851</td>\n","      <td>-0.017159</td>\n","      <td>0.060928</td>\n","      <td>0.023366</td>\n","      <td>-0.474683</td>\n","      <td>0.371136</td>\n","      <td>0.082548</td>\n","      <td>0.259971</td>\n","      <td>-0.014858</td>\n","      <td>1.000000</td>\n","    </tr>\n","  </tbody>\n","</table>\n","</div>\n","      <button class=\"colab-df-convert\" onclick=\"convertToInteractive('df-d8346228-c32e-4050-97db-a44f78ab15d5')\"\n","              title=\"Convert this dataframe to an interactive table.\"\n","              style=\"display:none;\">\n","        \n","  <svg xmlns=\"http://www.w3.org/2000/svg\" height=\"24px\"viewBox=\"0 0 24 24\"\n","       width=\"24px\">\n","    <path d=\"M0 0h24v24H0V0z\" fill=\"none\"/>\n","    <path d=\"M18.56 5.44l.94 2.06.94-2.06 2.06-.94-2.06-.94-.94-2.06-.94 2.06-2.06.94zm-11 1L8.5 8.5l.94-2.06 2.06-.94-2.06-.94L8.5 2.5l-.94 2.06-2.06.94zm10 10l.94 2.06.94-2.06 2.06-.94-2.06-.94-.94-2.06-.94 2.06-2.06.94z\"/><path d=\"M17.41 7.96l-1.37-1.37c-.4-.4-.92-.59-1.43-.59-.52 0-1.04.2-1.43.59L10.3 9.45l-7.72 7.72c-.78.78-.78 2.05 0 2.83L4 21.41c.39.39.9.59 1.41.59.51 0 1.02-.2 1.41-.59l7.78-7.78 2.81-2.81c.8-.78.8-2.07 0-2.86zM5.41 20L4 18.59l7.72-7.72 1.47 1.35L5.41 20z\"/>\n","  </svg>\n","      </button>\n","      \n","  <style>\n","    .colab-df-container {\n","      display:flex;\n","      flex-wrap:wrap;\n","      gap: 12px;\n","    }\n","\n","    .colab-df-convert {\n","      background-color: #E8F0FE;\n","      border: none;\n","      border-radius: 50%;\n","      cursor: pointer;\n","      display: none;\n","      fill: #1967D2;\n","      height: 32px;\n","      padding: 0 0 0 0;\n","      width: 32px;\n","    }\n","\n","    .colab-df-convert:hover {\n","      background-color: #E2EBFA;\n","      box-shadow: 0px 1px 2px rgba(60, 64, 67, 0.3), 0px 1px 3px 1px rgba(60, 64, 67, 0.15);\n","      fill: #174EA6;\n","    }\n","\n","    [theme=dark] .colab-df-convert {\n","      background-color: #3B4455;\n","      fill: #D2E3FC;\n","    }\n","\n","    [theme=dark] .colab-df-convert:hover {\n","      background-color: #434B5C;\n","      box-shadow: 0px 1px 3px 1px rgba(0, 0, 0, 0.15);\n","      filter: drop-shadow(0px 1px 2px rgba(0, 0, 0, 0.3));\n","      fill: #FFFFFF;\n","    }\n","  </style>\n","\n","      <script>\n","        const buttonEl =\n","          document.querySelector('#df-d8346228-c32e-4050-97db-a44f78ab15d5 button.colab-df-convert');\n","        buttonEl.style.display =\n","          google.colab.kernel.accessAllowed ? 'block' : 'none';\n","\n","        async function convertToInteractive(key) {\n","          const element = document.querySelector('#df-d8346228-c32e-4050-97db-a44f78ab15d5');\n","          const dataTable =\n","            await google.colab.kernel.invokeFunction('convertToInteractive',\n","                                                     [key], {});\n","          if (!dataTable) return;\n","\n","          const docLinkHtml = 'Like what you see? Visit the ' +\n","            '<a target=\"_blank\" href=https://colab.research.google.com/notebooks/data_table.ipynb>data table notebook</a>'\n","            + ' to learn more about interactive tables.';\n","          element.innerHTML = '';\n","          dataTable['output_type'] = 'display_data';\n","          await google.colab.output.renderOutput(dataTable, element);\n","          const docLink = document.createElement('div');\n","          docLink.innerHTML = docLinkHtml;\n","          element.appendChild(docLink);\n","        }\n","      </script>\n","    </div>\n","  </div>\n","  "],"text/plain":["                       None  Product Number  ...      time     claim\n","None               1.000000       -0.021773  ... -0.003709 -0.077438\n","Product Number    -0.021773        1.000000  ... -0.004178 -0.083584\n","Quantity_absolute -0.032530       -0.036645  ... -0.006242 -0.039851\n","Quantity_relative -0.004283       -0.004824  ... -0.000822 -0.017159\n","absolute          -0.054669       -0.061583  ... -0.010489  0.060928\n"," change           -0.005247       -0.005910  ... -0.001007  0.023366\n","date              -0.118480       -0.133465  ... -0.022733 -0.474683\n","money             -0.064066       -0.072169  ... -0.012293  0.371136\n","price             -0.017526       -0.019743  ... -0.003363  0.082548\n","relative          -0.059923       -0.067502  ... -0.011498  0.259971\n","time              -0.003709       -0.004178  ...  1.000000 -0.014858\n","claim             -0.077438       -0.083584  ... -0.014858  1.000000\n","\n","[12 rows x 12 columns]"]},"metadata":{},"execution_count":9}]},{"cell_type":"code","source":["df_corr['claim']"],"metadata":{"colab":{"base_uri":"https://localhost:8080/"},"id":"G4tqspLUgvKu","executionInfo":{"status":"ok","timestamp":1640168791821,"user_tz":-480,"elapsed":262,"user":{"displayName":"vivian teng vivian","photoUrl":"https://lh3.googleusercontent.com/a-/AOh14Gg60IJfNXc6jatRL4iSi7wvPYHxEEfo4Z2Bh09I3NA=s64","userId":"08553140932024934221"}},"outputId":"2b4e0172-7349-48ec-ef07-75ad97ff32ed"},"execution_count":null,"outputs":[{"output_type":"execute_result","data":{"text/plain":["None                -0.077438\n","Product Number      -0.083584\n","Quantity_absolute   -0.039851\n","Quantity_relative   -0.017159\n","absolute             0.060928\n"," change              0.023366\n","date                -0.474683\n","money                0.371136\n","price                0.082548\n","relative             0.259971\n","time                -0.014858\n","claim                1.000000\n","Name: claim, dtype: float64"]},"metadata":{},"execution_count":10}]},{"cell_type":"code","source":["df_p_value['claim']"],"metadata":{"colab":{"base_uri":"https://localhost:8080/"},"id":"fn64AzGwrbah","executionInfo":{"status":"ok","timestamp":1640168817892,"user_tz":-480,"elapsed":269,"user":{"displayName":"vivian teng vivian","photoUrl":"https://lh3.googleusercontent.com/a-/AOh14Gg60IJfNXc6jatRL4iSi7wvPYHxEEfo4Z2Bh09I3NA=s64","userId":"08553140932024934221"}},"outputId":"3a1d403d-cb93-48f4-a05c-d1dc1a3eb0c9"},"execution_count":null,"outputs":[{"output_type":"execute_result","data":{"text/plain":["None                  4.755005e-07\n","Product Number        5.418674e-08\n","Quantity_absolute     9.632100e-03\n","Quantity_relative     2.651594e-01\n","absolute              7.493901e-05\n"," change               1.291454e-01\n","date                 4.195723e-236\n","money                6.457895e-138\n","price                 7.901211e-08\n","relative              3.928384e-66\n","time                  3.346140e-01\n","claim                 0.000000e+00\n","Name: claim, dtype: float64"]},"metadata":{},"execution_count":11}]},{"cell_type":"code","source":["df.shape"],"metadata":{"colab":{"base_uri":"https://localhost:8080/"},"id":"O7DyCU20vj1R","executionInfo":{"status":"ok","timestamp":1639626203848,"user